# oST version 5.0 parameters


[image]

width
1280

height
720

[narrow_stereo]

camera matrix
785.453767 0.000000 701.586992
0.000000 784.151527 356.230892
0.000000 0.000000 1.000000

distortion
-0.338373 0.119918 -0.000064 -0.000498 0.000000

rectification
1.000000 0.000000 0.000000
0.000000 1.000000 0.000000
0.000000 0.000000 1.000000

projection
615.234314 0.000000 710.943401 0.000000
0.000000 721.550476 355.028606 0.000000
0.000000 0.000000 1.000000 0.000000
