# oST version 5.0 parameters


[image]

width
1640

height
1232

[narrow_stereo]

camera matrix
848.721379 0.000000 939.509142
0.000000 848.967602 596.153547
0.000000 0.000000 1.000000

distortion
-0.296850 0.061372 0.002562 -0.002645 0.000000

rectification
1.000000 0.000000 0.000000
0.000000 1.000000 0.000000
0.000000 0.000000 1.000000

projection
592.232422 0.000000 942.258069 0.000000
0.000000 670.806702 591.348538 0.000000
0.000000 0.000000 1.000000 0.000000
