# oST version 5.0 parameters


[image]

width
1640

height
1232

[narrow_stereo]

camera matrix
804.430021 0.000000 840.246722
0.000000 803.050287 635.001506
0.000000 0.000000 1.000000

distortion
-0.296054 0.064942 -0.001960 -0.001250 0.000000

rectification
1.000000 0.000000 0.000000
0.000000 1.000000 0.000000
0.000000 0.000000 1.000000

projection
562.325989 0.000000 833.993951 0.000000
0.000000 619.906555 640.451111 0.000000
0.000000 0.000000 1.000000 0.000000
